
$orca_hessian_file

$act_atom
  0

$act_coord
  0

$act_energy
        0.000000

$multiplicity
  1

$hessian
45
                    0                  1                  2                  3                  4        
    0      6.8632880379E-01   2.1525340116E-01   1.8088231357E-02  -3.7214672873E-01  -1.9487166687E-01
    1      2.1525340116E-01   1.8858970011E-01  -5.0121499104E-02  -1.2536077850E-01  -1.1525644253E-01
    2      1.8088231357E-02  -5.0121499104E-02   6.6473575961E-01  -2.1988605189E-03   6.7233564255E-03
    3     -3.7214672873E-01  -1.2536077850E-01  -2.1988605189E-03   5.3339723039E-01   3.3654869087E-01
    4     -1.9487166687E-01  -1.1525644253E-01   6.7233564255E-03   3.3654869087E-01   2.1756758449E-01
    5     -1.1653671148E-02   3.9426781688E-03  -1.1533910021E-01   3.5518077431E-02  -5.6306633107E-02
    6     -4.9126680399E-02  -6.0365380096E-03   1.0381748871E-03   7.1499170950E-02  -3.8575143392E-02
    7      4.6901294395E-02   1.6276706859E-02   2.1282426693E-04  -9.1410081789E-02   2.7328481293E-02
    8      9.5896402695E-03   1.9216213284E-03   6.0787789450E-05  -1.7875767084E-02   7.5762989771E-03
    9      2.7188352588E-03   1.8470756129E-03  -5.2008805999E-05  -9.4453360778E-03   2.5394842705E-03
   10      2.9496509723E-03  -2.4287015988E-03   1.8570324983E-05   2.6149101040E-03   3.8070342938E-03
   11     -1.5270409251E-03   2.8464177535E-04  -5.0826478676E-04   2.9167381470E-03  -1.9197247200E-03
   12     -2.5233852702E-04   2.0779835693E-04  -4.1854364014E-04  -1.3273771029E-04  -9.8774957984E-04
   13     -3.5556750783E-04  -7.0465170687E-04  -4.0406840222E-04   6.0634084241E-04  -1.3005906908E-04
   14      1.1483006949E-04  -2.8873321112E-05  -8.2590562605E-04  -3.4073304368E-04  -2.1814991165E-04
   15     -1.5436152523E-04  -3.4014119954E-04   1.2539126901E-03  -1.3715717032E-04   9.7515020158E-04
   16     -9.8305985066E-04   6.3385658481E-04  -4.5183587197E-04   1.6194605873E-03  -1.4777576459E-03
   17      5.7778591720E-04  -4.0400939320E-04   6.8493174484E-04  -6.7383769895E-04   7.9595457189E-04
   18     -1.2883380975E-01  -2.5144717978E-02  -1.2530590207E-01  -1.0531152144E-02  -4.6525191023E-03
   19     -2.7229142658E-02  -3.8260678060E-02  -2.6056118410E-02  -4.2207261244E-03   3.2399350473E-03
   20     -1.2901331892E-01  -2.6438200071E-02  -2.8097602731E-01   1.3029549695E-03   1.2432487431E-03
   21     -1.1454485685E-01  -4.3633356064E-02   1.0937056987E-01  -8.8733099527E-03  -1.0183493966E-02
   22     -4.6470258266E-02  -5.5652701590E-02   7.1046091349E-02  -3.5183637703E-03   2.1573064445E-03
   23      1.1266572585E-01   7.1206280511E-02  -2.7773076456E-01  -1.3554225030E-03  -1.2729962913E-03
   24     -1.4729543410E-02  -7.4207532407E-03  -2.9791898347E-02  -1.0180185132E-01  -4.0302347685E-02
   25      5.4110731333E-03   5.1317653818E-03  -9.5195604639E-03  -5.6901350448E-02  -4.7884984006E-02
   26      1.7196458383E-03   6.3026275671E-04   3.8898047267E-03  -1.1563453347E-01  -5.2174207964E-02
   27     -1.3001330654E-02  -1.2433084060E-02   2.7589363176E-02  -9.1745363720E-02  -5.8030614744E-02
   28      7.7897230073E-03   3.8347867505E-03   8.5983288945E-03  -7.6196000615E-02  -7.6496634826E-02
   29      1.1117333940E-04  -5.3692388832E-04   5.4346919619E-03   9.4667344039E-02   9.7225675222E-02
   30      2.3731469753E-03   7.1790528059E-04  -3.2493168453E-04  -4.9921975285E-03   3.7231888631E-03
   31     -3.8406781591E-03  -1.3059806962E-03  -2.6428588439E-04   8.1987296785E-03  -5.6634441149E-03
   32     -1.5740306690E-03  -6.9517648679E-04   3.0431232524E-04   3.2866599746E-03  -2.7586040686E-03
   33      2.9700571506E-03   1.7514033316E-03   7.8148863635E-04  -5.2640105516E-03   5.9482925608E-03
   34     -4.2470273613E-03  -1.4761976669E-03  -2.3210077304E-04   7.6221101582E-03  -6.8541665368E-03
   35      3.9872627236E-04   5.0741228508E-04   3.5832963031E-04  -5.7576915453E-04   2.8895811137E-04
   36     -1.4267502190E-03   4.7964812244E-04   6.5965928212E-05   9.0316688790E-04  -1.5584279198E-03
   37     -2.2197919409E-04   4.4992176804E-04   1.4161468705E-05  -7.2647614807E-04  -1.9104317331E-04
   38      5.1234281079E-04  -4.1769792943E-04  -2.2135130875E-05   1.3461672335E-04   6.3001653995E-04
   39     -1.5837518958E-04   5.3536556714E-05  -7.3752989358E-05  -6.8148396223E-04  -5.2494181637E-04
   40     -6.6979708666E-06  -1.2159089562E-05   3.3822754078E-04   7.2759846880E-04  -3.1470922740E-05
   41     -2.0239105816E-05   1.7018198905E-04  -2.0496562331E-04   5.3394087679E-04   1.9823413811E-05
   42     -1.6067929170E-05   3.5062332410E-05  -2.0540219331E-05  -4.8239364358E-05   8.4367062059E-06
   43     -5.5526526512E-05   1.8077548485E-04   1.0806715739E-04   3.3959829238E-04  -1.1433874095E-04
   44      8.9307816815E-06  -3.0857139704E-05   1.3854544929E-04   2.9185137803E-04   1.3971677579E-04
                    5                  6                  7                  8                  9        
    0     -1.1653671148E-02  -4.9126680399E-02   4.6901294395E-02   9.5896402695E-03   2.7188352588E-03
    1      3.9426781688E-03  -6.0365380096E-03   1.6276706859E-02   1.9216213284E-03   1.8470756129E-03
    2     -1.1533910021E-01   1.0381748871E-03   2.1282426693E-04   6.0787789450E-05  -5.2008805999E-05
    3      3.5518077431E-02   7.1499170950E-02  -9.1410081789E-02  -1.7875767084E-02  -9.4453360778E-03
    4     -5.6306633107E-02  -3.8575143392E-02   2.7328481293E-02   7.5762989771E-03   2.5394842705E-03
    5      6.7032313817E-01  -9.2102263730E-03   7.5868315164E-03  -1.0248291676E-02   1.4721284244E-03
    6     -9.2102263730E-03   4.2064264914E-01   2.1833767553E-01   5.4619968853E-02  -2.3443297409E-01
    7      7.5868315164E-03   2.1833767553E-01   2.3837381303E-01  -4.7451474969E-02  -6.3743894269E-02
    8     -1.0248291676E-02   5.4619968853E-02  -4.7451474969E-02   6.1939746819E-01   4.1705026542E-02
    9      1.4721284244E-03  -2.3443297409E-01  -6.3743894269E-02   4.1705026542E-02   5.7171141797E-01
   10     -9.6024459513E-04  -4.6181261791E-02  -7.8834737519E-02   4.4695769757E-03   3.0240612752E-02
   11      1.1534926995E-04   4.7233641322E-02   1.7089454092E-02  -9.8562424173E-02  -8.3234069545E-02
   12      5.0406808582E-04  -1.3642688658E-02  -1.6366773703E-02  -2.3652386254E-02  -9.7765631584E-02
   13      7.3827967122E-04  -5.0546740188E-03  -4.1143516350E-03   1.9477192197E-03  -8.8685010027E-02
   14      1.1397279600E-03   4.8472231260E-03   9.1538956133E-03   4.5199654741E-03  -1.5701244103E-02
   15     -9.4214532174E-04   8.1223433211E-03  -1.6139579760E-02   3.5643902237E-02  -5.8119875769E-02
   16      4.4643204372E-05  -4.3538842292E-03  -9.3500551365E-03   1.8806956281E-02   3.7766240454E-03
   17     -1.0103265041E-03   2.5409207531E-03   8.7015322819E-03  -1.3525482751E-02   1.2399273943E-02
   18     -2.8833774069E-02   2.1973994092E-04  -2.3928533155E-04  -9.2859887969E-05   3.6541777852E-05
   19     -8.8886925567E-03  -3.5665397017E-04   3.0477634829E-04   1.3575463025E-04  -2.0673368337E-05
   20      4.8095570581E-03   6.9512689154E-04  -6.5117101406E-04  -1.7501311645E-04   1.9191773286E-05
   21      2.8563536328E-02   1.8120476867E-04  -2.4297343218E-05   2.7992799267E-05  -2.6794369056E-05
   22      8.6774825286E-03  -1.4635502920E-04  -2.5224546834E-04   7.7135339333E-05   1.3656511060E-04
   23      4.4553409535E-03  -7.8663235223E-04   5.9224903914E-04   1.8101420864E-04   4.5163635865E-05
   24     -1.1152800776E-01  -2.5381163019E-03   6.4259361831E-03   3.7447596969E-03   4.5543501865E-04
   25     -5.2107085553E-02   6.8589200626E-03  -1.2281786113E-02  -7.2121747571E-03  -4.3980882902E-04
   26     -2.8616228713E-01  -4.8577509614E-04   9.8169969745E-05  -6.1359448616E-04  -1.0102682637E-04
   27      9.3947119004E-02  -3.3248394938E-03   7.6222290255E-03  -1.8404865090E-03  -1.0461756275E-04
   28      9.9054808800E-02   9.3473280040E-03  -1.5079204756E-02   2.7768972702E-03   8.0615920635E-05
   29     -2.6911718766E-01   1.4676434593E-03  -2.0637970975E-03   2.0352638655E-04   2.4583139322E-05
   30     -1.9171244150E-03  -4.4745464730E-02  -1.7202662859E-02   1.6073263996E-03   5.5682641765E-03
   31      2.8421616971E-03  -2.3905167043E-02  -7.2408017132E-02   1.2087425842E-01   2.9207427746E-03
   32      8.6623576921E-04   8.2872359511E-03   1.0813216804E-01  -3.0942590601E-01  -4.3539053483E-03
   33      3.8059989580E-03  -1.3331686537E-01  -9.0849320022E-02  -1.1260419273E-01  -1.3329641901E-02
   34     -4.0115435302E-03  -1.0485330200E-01  -9.8494429270E-02  -1.0146894976E-01  -2.2747960811E-03
   35     -1.0594739744E-04  -1.1771182130E-01  -9.4895126111E-02  -1.9563882356E-01   8.7373041550E-03
   36     -3.9505977649E-05  -2.0551384460E-02   1.6720443473E-02   8.6479856232E-03  -1.6935901781E-01
   37      1.1910568150E-04  -5.8258126580E-03   8.8631151497E-03   5.7486102774E-04   1.2444002639E-01
   38      6.1941517069E-05   7.1284309092E-03  -6.5667186451E-03   1.9478078545E-03   4.1035612146E-02
   39      2.2514361581E-04   8.1445708555E-04   1.2089133845E-04   7.1736267538E-04   4.8661171829E-03
   40     -4.9981841456E-04   1.3174619222E-03   1.3810854296E-03   1.1048385110E-03   1.7820172131E-02
   41      3.0060923189E-04  -2.0750700700E-04  -9.6949356145E-04  -1.7197341714E-04  -9.6458151302E-03
   42      9.1123160133E-05   1.9944828813E-04  -1.5114179218E-04  -2.5107888026E-04  -2.7727222274E-03
   43     -2.2470622840E-04  -5.7402645525E-04  -1.7131510846E-03  -4.1333320741E-03  -2.8619294592E-02
   44     -8.8759360361E-05   5.5640223089E-04   1.0306701626E-03   2.0509392852E-03   7.6399783327E-03
                   10                 11                 12                 13                 14        
    0      2.9496509723E-03  -1.5270409251E-03  -2.5233852702E-04  -3.5556750783E-04   1.1483006949E-04
    1     -2.4287015988E-03   2.8464177535E-04   2.0779835693E-04  -7.0465170687E-04  -2.8873321112E-05
    2      1.8570324983E-05  -5.0826478676E-04  -4.1854364014E-04  -4.0406840222E-04  -8.2590562605E-04
    3      2.6149101040E-03   2.9167381470E-03  -1.3273771029E-04   6.0634084241E-04  -3.4073304368E-04
    4      3.8070342938E-03  -1.9197247200E-03  -9.8774957984E-04  -1.3005906908E-04  -2.1814991165E-04
    5     -9.6024459513E-04   1.1534926995E-04   5.0406808582E-04   7.3827967122E-04   1.1397279600E-03
    6     -4.6181261791E-02   4.7233641322E-02  -1.3642688658E-02  -5.0546740188E-03   4.8472231260E-03
    7     -7.8834737519E-02   1.7089454092E-02  -1.6366773703E-02  -4.1143516350E-03   9.1538956133E-03
    8      4.4695769757E-03  -9.8562424173E-02  -2.3652386254E-02   1.9477192197E-03   4.5199654741E-03
    9      3.0240612752E-02  -8.3234069545E-02  -9.7765631584E-02  -8.8685010027E-02  -1.5701244103E-02
   10      6.8957614316E-01   1.7866514794E-03  -1.0619778745E-01  -2.6979006358E-01  -9.0984235492E-02
   11      1.7866514794E-03   3.1187463910E-01   1.8549926596E-03  -4.9704557595E-02  -1.1290177050E-02
   12     -1.0619778745E-01   1.8549926596E-03   6.8734965544E-01   2.2358174106E-02  -1.1384560282E-02
   13     -2.6979006358E-01  -4.9704557595E-02   2.2358174106E-02   5.5913684249E-01   2.1502676379E-01
   14     -9.0984235492E-02  -1.1290177050E-02  -1.1384560282E-02   2.1502676379E-01   4.0870604313E-01
   15      1.3934635055E-02  -8.7139268368E-04  -8.9408723005E-02  -6.8744810462E-03  -6.1430549531E-02
   16     -1.4112259146E-01   8.7857124782E-02   4.4879048030E-03  -3.5456244053E-02  -2.2028465649E-02
   17      1.2027097564E-01  -1.4442209381E-01  -7.6178546717E-02  -5.4947501434E-02  -2.2998487253E-01
   18      7.8707572619E-06   1.3529137185E-05   9.5929661122E-06  -1.6726033102E-04  -1.7647630764E-04
   19      1.6048215470E-04  -2.8839280008E-04  -3.8083719471E-05   3.0949250075E-06  -5.0951536954E-05
   20     -2.2427942695E-05   1.1131708005E-04   4.8059261602E-05  -3.0249383492E-05  -3.3818556049E-06
   21     -1.4397726253E-04   8.7736951331E-05   8.9747188108E-05  -7.2944506739E-05   9.8536333539E-05
   22      3.8909193635E-05   7.3790619401E-05   3.8609371575E-05   2.1536342186E-05   6.9063095297E-05
   23      7.2910665004E-05  -3.0868444272E-05  -1.3899109547E-05   3.0716027507E-05   1.3760258389E-05
   24      1.1895230853E-04   3.3218765433E-04  -2.4575511889E-04  -1.8635181404E-04   3.6533291481E-04
   25     -4.8172020882E-04   1.7759151384E-04   1.0464473724E-05   2.7689493470E-04   1.3489970080E-04
   26     -2.0869771636E-05  -4.8875090418E-04  -2.1086407343E-04  -6.4551964299E-04  -8.4972629448E-04
   27      7.1575515230E-04  -1.0068718864E-03  -1.1759834122E-03   7.0521095125E-04  -6.4255887344E-04
   28     -8.9166907160E-04   1.0070569739E-03   8.6567438918E-05   2.8744351487E-04   5.2289181601E-04
   29      1.5042303682E-04   3.3664493867E-04  -7.2899205411E-05   9.5096803549E-05   4.7908828914E-04
   30     -1.2022846641E-02   2.5157829213E-02   1.8790409127E-03   1.1652313055E-04  -1.2479721186E-05
   31     -8.0845470330E-05   5.9119275791E-03   1.4353107611E-03   6.9225948388E-04   8.3040505869E-05
   32      2.6380296719E-03  -4.3568285311E-03   6.1514960456E-04   5.3982728088E-04  -2.4312997207E-04
   33     -1.7643908530E-02  -2.1355848274E-02  -4.4322449826E-03   2.3478174594E-03   3.0224819160E-04
   34     -1.1738879052E-03  -6.2756783601E-03  -2.9549441335E-03  -4.0906662997E-04   4.1722718287E-06
   35      7.5940336972E-03   9.8969234882E-03   3.0389180766E-03   1.0594662336E-03   1.4405460619E-05
   36      1.3525278791E-01   3.9699209348E-02   1.0376895045E-02  -1.3691271005E-02  -3.8755326440E-03
   37     -1.8765317042E-01  -4.0810434113E-02   1.3348884177E-02  -1.5055367692E-02   4.7378750783E-04
   38     -5.0851553331E-02  -5.5531803708E-02   1.4789059961E-02  -1.2578930201E-02  -6.9077321409E-03
   39     -6.9889353450E-03  -7.8355305600E-03  -1.4727652991E-01   1.1029246939E-01   8.5345201152E-02
   40     -1.3685675981E-02  -1.5164093984E-02   1.0587285018E-01  -1.8002037239E-01  -1.0525193824E-01
   41      8.1274254390E-03   2.1515102386E-04   8.2401419420E-02  -9.8987522020E-02  -1.1889967451E-01
   42      3.3251001768E-03  -1.4553028920E-03  -3.4537229864E-01  -2.1337603174E-02   2.4916382633E-03
   43      2.5604944160E-03  -2.4979530885E-05  -2.1302597527E-02  -5.4737894942E-02  -6.8856852451E-03
   44     -2.2896435109E-03  -7.3588134934E-03   8.6791566677E-03  -2.1597352456E-03  -4.5868390596E-02
                   15                 16                 17                 18                 19        
    0     -1.5436152523E-04  -9.8305985066E-04   5.7778591720E-04  -1.2883380975E-01  -2.7229142658E-02
    1     -3.4014119954E-04   6.3385658481E-04  -4.0400939320E-04  -2.5144717978E-02  -3.8260678060E-02
    2      1.2539126901E-03  -4.5183587197E-04   6.8493174484E-04  -1.2530590207E-01  -2.6056118410E-02
    3     -1.3715717032E-04   1.6194605873E-03  -6.7383769895E-04  -1.0531152144E-02  -4.2207261244E-03
    4      9.7515020158E-04  -1.4777576459E-03   7.9595457189E-04  -4.6525191023E-03   3.2399350473E-03
    5     -9.4214532174E-04   4.4643204372E-05  -1.0103265041E-03  -2.8833774069E-02  -8.8886925567E-03
    6      8.1223433211E-03  -4.3538842292E-03   2.5409207531E-03   2.1973994092E-04  -3.5665397017E-04
    7     -1.6139579760E-02  -9.3500551365E-03   8.7015322819E-03  -2.3928533155E-04   3.0477634829E-04
    8      3.5643902237E-02   1.8806956281E-02  -1.3525482751E-02  -9.2859887969E-05   1.3575463025E-04
    9     -5.8119875769E-02   3.7766240454E-03   1.2399273943E-02   3.6541777852E-05  -2.0673368337E-05
   10      1.3934635055E-02  -1.4112259146E-01   1.2027097564E-01   7.8707572619E-06   1.6048215470E-04
   11     -8.7139268368E-04   8.7857124782E-02  -1.4442209381E-01   1.3529137185E-05  -2.8839280008E-04
   12     -8.9408723005E-02   4.4879048030E-03  -7.6178546717E-02   9.5929661122E-06  -3.8083719471E-05
   13     -6.8744810462E-03  -3.5456244053E-02  -5.4947501434E-02  -1.6726033102E-04   3.0949250075E-06
   14     -6.1430549531E-02  -2.2028465649E-02  -2.2998487253E-01  -1.7647630764E-04  -5.0951536954E-05
   15      1.3670389760E-01   1.2253610795E-02   7.4881826943E-02   3.4384783848E-06   6.9818558893E-05
   16      1.2253610795E-02   2.0670598269E-01  -7.7616627491E-02   5.9606690646E-05  -1.5255228223E-04
   17      7.4881826943E-02  -7.7616627491E-02   4.1284145019E-01   2.1693948446E-04   1.5850642289E-04
   18      3.4384783848E-06   5.9606690646E-05   2.1693948446E-04   1.3318440788E-01   3.0403838883E-02
   19      6.9818558893E-05  -1.5255228223E-04   1.5850642289E-04   3.0403838883E-02   2.8281268503E-02
   20     -1.0917121623E-04   5.7209213193E-05  -3.8657603365E-05   1.4022032203E-01   2.9191206429E-02
   21     -2.8887581226E-04   2.2316608307E-04  -1.5047277907E-04   9.1739106953E-03   3.8686200408E-03
   22     -2.7245300294E-04   5.3125646590E-05   1.7267641612E-05   1.2140266032E-03   3.6802842005E-03
   23     -1.5947667497E-05  -5.8379792853E-05   6.5786329005E-05   1.2634843049E-02   6.8993162785E-03
   24     -3.7998811168E-04   5.1129920737E-05  -4.5626708736E-04  -3.3613655568E-03  -5.7580925094E-03
   25     -1.9499445900E-04   1.2436225625E-04   6.8979495108E-05  -4.4395536548E-03   7.9011960181E-03
   26      7.1049054174E-04  -8.6974753480E-05   6.7928029670E-04   5.0414362076E-04   1.7215503235E-04
   27      2.1827291687E-05  -7.2986762305E-04   1.0757238547E-03   1.9576127003E-04   3.3500657263E-03
   28     -1.2290723612E-03   6.2349369737E-04  -5.2297839825E-04   2.5014287341E-03  -5.1845340625E-03
   29      9.5934134237E-04  -2.9931159961E-04  -8.8636955786E-04   6.4624024744E-04  -1.2766915708E-03
   30     -5.9453109875E-03  -2.4506992566E-03   2.5091659328E-03   4.3321432392E-05  -2.7761731802E-05
   31     -3.2926403631E-03  -1.9457320070E-03   2.3339426840E-03  -1.4860491416E-05   2.3920303132E-05
   32      1.3264982454E-03  -5.9053249680E-04   1.2122054358E-03   2.4666703650E-05   4.8271867822E-05
   33      2.7763870533E-03   4.5993192014E-04   2.1811675830E-03  -1.6424246588E-04  -1.4876929478E-05
   34      1.6906779405E-03   8.6174646642E-04  -5.2377582708E-04   2.9042614197E-04  -1.5162736301E-05
   35     -2.2022343491E-03  -1.8325406700E-03   1.0308436780E-03   7.3465801029E-05  -1.0911939607E-04
   36      2.5253021580E-03   2.9049447960E-03  -2.4821329825E-03  -1.7779986827E-05  -2.1308249871E-05
   37      4.9465497394E-03  -2.2265255182E-02   3.7752771745E-03   1.7942456009E-06  -3.6892528782E-05
   38     -1.9677431653E-02   3.4309169186E-02   3.2022128043E-03   1.8248734093E-05   4.3087828855E-05
   39      8.5948614265E-03  -1.1612490206E-02  -7.5492709454E-03   6.4894385214E-05   1.8017674784E-05
   40     -8.5859356260E-03   3.6936737114E-03   4.1715951290E-04   1.1225131595E-04   5.8774777021E-05
   41      1.0622160382E-02  -2.8638638034E-02  -2.4268269115E-02   5.5434666203E-06  -5.9310274628E-06
   42     -4.3137649468E-03  -5.6811770305E-03  -8.9152072739E-03  -2.3258920415E-05  -2.2167527631E-05
   43      3.0336540840E-03  -9.2605328356E-04  -2.5420881577E-03   6.6079422148E-05  -3.9126071698E-06
   44     -4.0126328886E-02  -9.4544110335E-03  -5.5806386143E-03   5.7183590230E-05   3.1355343520E-05
                   20                 21                 22                 23                 24        
    0     -1.2901331892E-01  -1.1454485685E-01  -4.6470258266E-02   1.1266572585E-01  -1.4729543410E-02
    1     -2.6438200071E-02  -4.3633356064E-02  -5.5652701590E-02   7.1206280511E-02  -7.4207532407E-03
    2     -2.8097602731E-01   1.0937056987E-01   7.1046091349E-02  -2.7773076456E-01  -2.9791898347E-02
    3      1.3029549695E-03  -8.8733099527E-03  -3.5183637703E-03  -1.3554225030E-03  -1.0180185132E-01
    4      1.2432487431E-03  -1.0183493966E-02   2.1573064445E-03  -1.2729962913E-03  -4.0302347685E-02
    5      4.8095570581E-03   2.8563536328E-02   8.6774825286E-03   4.4553409535E-03  -1.1152800776E-01
    6      6.9512689154E-04   1.8120476867E-04  -1.4635502920E-04  -7.8663235223E-04  -2.5381163019E-03
    7     -6.5117101406E-04  -2.4297343218E-05  -2.5224546834E-04   5.9224903914E-04   6.4259361831E-03
    8     -1.7501311645E-04   2.7992799267E-05   7.7135339333E-05   1.8101420864E-04   3.7447596969E-03
    9      1.9191773286E-05  -2.6794369056E-05   1.3656511060E-04   4.5163635865E-05   4.5543501865E-04
   10     -2.2427942695E-05  -1.4397726253E-04   3.8909193635E-05   7.2910665004E-05   1.1895230853E-04
   11      1.1131708005E-04   8.7736951331E-05   7.3790619401E-05  -3.0868444272E-05   3.3218765433E-04
   12      4.8059261602E-05   8.9747188108E-05   3.8609371575E-05  -1.3899109547E-05  -2.4575511889E-04
   13     -3.0249383492E-05  -7.2944506739E-05   2.1536342186E-05   3.0716027507E-05  -1.8635181404E-04
   14     -3.3818556049E-06   9.8536333539E-05   6.9063095297E-05   1.3760258389E-05   3.6533291481E-04
   15     -1.0917121623E-04  -2.8887581226E-04  -2.7245300294E-04  -1.5947667497E-05  -3.7998811168E-04
   16      5.7209213193E-05   2.2316608307E-04   5.3125646590E-05  -5.8379792853E-05   5.1129920737E-05
   17     -3.8657603365E-05  -1.5047277907E-04   1.7267641612E-05   6.5786329005E-05  -4.5626708736E-04
   18      1.4022032203E-01   9.1739106953E-03   1.2140266032E-03   1.2634843049E-02  -3.3613655568E-03
   19      2.9191206429E-02   3.8686200408E-03   3.6802842005E-03   6.8993162785E-03  -5.7580925094E-03
   20      2.8825879147E-01  -1.3517935967E-02  -3.6884730785E-03  -1.4345307716E-02   3.3833853466E-04
   21     -1.3517935967E-02   1.1740930641E-01   5.1192624154E-02  -1.2288274801E-01   1.7170489625E-04
   22     -3.6884730785E-03   5.1192624154E-02   4.7527661906E-02  -7.7390604751E-02   3.3770349386E-03
   23     -1.4345307716E-02  -1.2288274801E-01  -7.7390604751E-02   2.8482690085E-01   5.8784115384E-04
   24      3.3833853466E-04   1.7170489625E-04   3.3770349386E-03   5.8784115384E-04   1.1700643757E-01
   25      9.2599203303E-04   2.6509874247E-03  -5.4276624412E-03  -5.6039192361E-04   4.0364005614E-02
   26      1.4420489874E-03  -1.7555162937E-04  -1.1092645054E-04   1.1465832534E-03   1.2534830551E-01
   27      1.8428401586E-04  -3.1361109952E-03  -5.5168778904E-03  -1.0291503508E-03   6.6033978625E-03
   28     -7.5361474010E-04  -4.1741231290E-03   7.8000088339E-03   5.4924692261E-04   4.0251731035E-03
   29      8.5234614351E-04  -1.4904741714E-03   1.2007363507E-03   1.5180516675E-03   1.0630202203E-02
   30      1.0195946121E-05  -1.6018565945E-04   4.1358191124E-05   1.4686887677E-04   3.4816638080E-04
   31      2.3531872662E-05   1.6397761493E-04   2.5470009074E-05  -3.2327757116E-05  -3.2386483043E-04
   32      1.9350443048E-05  -7.2660094767E-06   6.2201311432E-05  -4.1193496439E-06  -1.2411090775E-05
   33     -2.0671668867E-04  -6.5371653650E-05  -1.1207540401E-05   4.5257066071E-05  -3.3954898745E-04
   34      9.7345904323E-05   6.1821901332E-05   3.8676754492E-05   1.2024778798E-05   1.1956333709E-04
   35      3.1656651286E-05  -2.3923066226E-06  -6.7425035892E-05  -8.5095816188E-05   5.5615793003E-05
   36      9.0551149238E-06   1.1226118662E-05  -7.3090017932E-05  -2.5108160677E-05  -1.1873632704E-05
   37      3.6526942001E-06   2.4879621713E-05  -2.0519801866E-05  -4.7267054745E-06   8.5468866168E-06
   38     -7.4990824138E-06  -4.6221643391E-06   2.7805424645E-05   1.2005364055E-06  -1.1155222002E-04
   39      2.2364668519E-05   8.1507063112E-05   3.5833873496E-05  -3.4340358876E-05  -1.2087275098E-03
   40      1.5691431907E-05   6.0250002490E-06   1.6135993821E-05  -2.9319980448E-05  -4.3555278864E-04
   41      2.6061514180E-05   7.7592902790E-05   8.3272266344E-06  -4.3351858605E-06   7.1919374195E-04
   42     -8.8639516719E-06  -2.3101845265E-05  -2.2363392297E-05   1.1510177429E-05   3.1628222322E-05
   43      2.2501372543E-05   3.5007098238E-05  -5.9860238835E-06  -1.6346318949E-05  -5.9983469179E-05
   44     -5.2426688378E-06   1.1536559651E-05  -1.2227197004E-07  -8.1469817575E-06  -2.0919389819E-04
                   25                 26                 27                 28                 29        
    0      5.4110731333E-03   1.7196458383E-03  -1.3001330654E-02   7.7897230073E-03   1.1117333940E-04
    1      5.1317653818E-03   6.3026275671E-04  -1.2433084060E-02   3.8347867505E-03  -5.3692388832E-04
    2     -9.5195604639E-03   3.8898047267E-03   2.7589363176E-02   8.5983288945E-03   5.4346919619E-03
    3     -5.6901350448E-02  -1.1563453347E-01  -9.1745363720E-02  -7.6196000615E-02   9.4667344039E-02
    4     -4.7884984006E-02  -5.2174207964E-02  -5.8030614744E-02  -7.6496634826E-02   9.7225675222E-02
    5     -5.2107085553E-02  -2.8616228713E-01   9.3947119004E-02   9.9054808800E-02  -2.6911718766E-01
    6      6.8589200626E-03  -4.8577509614E-04  -3.3248394938E-03   9.3473280040E-03   1.4676434593E-03
    7     -1.2281786113E-02   9.8169969745E-05   7.6222290255E-03  -1.5079204756E-02  -2.0637970975E-03
    8     -7.2121747571E-03  -6.1359448616E-04  -1.8404865090E-03   2.7768972702E-03   2.0352638655E-04
    9     -4.3980882902E-04  -1.0102682637E-04  -1.0461756275E-04   8.0615920635E-05   2.4583139322E-05
   10     -4.8172020882E-04  -2.0869771636E-05   7.1575515230E-04  -8.9166907160E-04   1.5042303682E-04
   11      1.7759151384E-04  -4.8875090418E-04  -1.0068718864E-03   1.0070569739E-03   3.3664493867E-04
   12      1.0464473724E-05  -2.1086407343E-04  -1.1759834122E-03   8.6567438918E-05  -7.2899205411E-05
   13      2.7689493470E-04  -6.4551964299E-04   7.0521095125E-04   2.8744351487E-04   9.5096803549E-05
   14      1.3489970080E-04  -8.4972629448E-04  -6.4255887344E-04   5.2289181601E-04   4.7908828914E-04
   15     -1.9499445900E-04   7.1049054174E-04   2.1827291687E-05  -1.2290723612E-03   9.5934134237E-04
   16      1.2436225625E-04  -8.6974753480E-05  -7.2986762305E-04   6.2349369737E-04  -2.9931159961E-04
   17      6.8979495108E-05   6.7928029670E-04   1.0757238547E-03  -5.2297839825E-04  -8.8636955786E-04
   18     -4.4395536548E-03   5.0414362076E-04   1.9576127003E-04   2.5014287341E-03   6.4624024744E-04
   19      7.9011960181E-03   1.7215503235E-04   3.3500657263E-03  -5.1845340625E-03  -1.2766915708E-03
   20      9.2599203303E-04   1.4420489874E-03   1.8428401586E-04  -7.5361474010E-04   8.5234614351E-04
   21      2.6509874247E-03  -1.7555162937E-04  -3.1361109952E-03  -4.1741231290E-03  -1.4904741714E-03
   22     -5.4276624412E-03  -1.1092645054E-04  -5.5168778904E-03   7.8000088339E-03   1.2007363507E-03
   23     -5.6039192361E-04   1.1465832534E-03  -1.0291503508E-03   5.4924692261E-04   1.5180516675E-03
   24      4.0364005614E-02   1.2534830551E-01   6.6033978625E-03   4.0251731035E-03   1.0630202203E-02
   25      4.8255336320E-02   5.8158257621E-02   6.9424459400E-03   3.7366734738E-03   9.4688122625E-03
   26      5.8158257621E-02   2.9329944667E-01  -1.2025780794E-02  -6.9097794309E-03  -1.3511829035E-02
   27      6.9424459400E-03  -1.2025780794E-02   1.0568543053E-01   5.8518548447E-02  -1.0631106721E-01
   28      3.7366734738E-03  -6.9097794309E-03   5.8518548447E-02   8.0833457576E-02  -1.0372088581E-01
   29      9.4688122625E-03  -1.3511829035E-02  -1.0631106721E-01  -1.0372088581E-01   2.7523199909E-01
   30     -5.1194378405E-04  -8.2351753944E-05  -2.7194583232E-04   1.2796741765E-04   3.9983451051E-05
   31      4.7061157073E-04   1.5638445423E-04  -5.3958272876E-05  -2.2799437932E-04  -9.4886072468E-05
   32      2.8993800117E-04   4.6289318591E-04   1.9599697079E-04  -2.2424247111E-04   1.4117127443E-04
   33      4.0041959162E-04   1.8878289926E-04   3.1289402934E-04  -8.8423502958E-04  -1.3181679772E-04
   34     -2.9302516937E-04  -4.6936806207E-06  -5.5188365577E-04   6.4135975254E-04  -2.7493963763E-05
   35      1.1665885469E-04   2.1203309704E-04   7.1661129197E-05   4.4852789870E-05   1.9570641820E-04
   36      1.5020798272E-04   2.9018479606E-05   2.8368479507E-05   4.0089728898E-05   2.2347494023E-05
   37      4.8013417062E-05   2.8277313913E-05  -1.7466053444E-04  -9.1166327509E-07   2.4948432372E-05
   38     -3.6458401046E-05   5.9490732887E-05   1.8566088374E-04  -5.4833374691E-05  -1.8537845535E-04
   39     -2.3620514794E-04   3.2372825625E-04  -2.7605330323E-04   5.0032000433E-05  -5.4270732581E-04
   40      4.3875671081E-04   4.4948065346E-04  -1.6814645337E-04   1.4746186659E-04  -4.5838713936E-05
   41      5.2274913912E-05   1.5900189519E-04  -4.5833193547E-04  -2.6345438038E-04  -4.3406758326E-04
   42     -6.8063854549E-05  -1.2067829826E-04   1.8856551007E-04  -1.0845262532E-04   6.7975576895E-06
   43     -1.4432144941E-05   2.5806053861E-04  -1.7075205211E-04  -2.3736707129E-05  -1.1458561618E-04
   44      4.4190058092E-05   2.7560499887E-04   3.7746953905E-05  -8.9572638859E-05  -2.5839388456E-04
                   30                 31                 32                 33                 34        
    0      2.3731469753E-03  -3.8406781591E-03  -1.5740306690E-03   2.9700571506E-03  -4.2470273613E-03
    1      7.1790528059E-04  -1.3059806962E-03  -6.9517648679E-04   1.7514033316E-03  -1.4761976669E-03
    2     -3.2493168453E-04  -2.6428588439E-04   3.0431232524E-04   7.8148863635E-04  -2.3210077304E-04
    3     -4.9921975285E-03   8.1987296785E-03   3.2866599746E-03  -5.2640105516E-03   7.6221101582E-03
    4      3.7231888631E-03  -5.6634441149E-03  -2.7586040686E-03   5.9482925608E-03  -6.8541665368E-03
    5     -1.9171244150E-03   2.8421616971E-03   8.6623576921E-04   3.8059989580E-03  -4.0115435302E-03
    6     -4.4745464730E-02  -2.3905167043E-02   8.2872359511E-03  -1.3331686537E-01  -1.0485330200E-01
    7     -1.7202662859E-02  -7.2408017132E-02   1.0813216804E-01  -9.0849320022E-02  -9.8494429270E-02
    8      1.6073263996E-03   1.2087425842E-01  -3.0942590601E-01  -1.1260419273E-01  -1.0146894976E-01
    9      5.5682641765E-03   2.9207427746E-03  -4.3539053483E-03  -1.3329641901E-02  -2.2747960811E-03
   10     -1.2022846641E-02  -8.0845470330E-05   2.6380296719E-03  -1.7643908530E-02  -1.1738879052E-03
   11      2.5157829213E-02   5.9119275791E-03  -4.3568285311E-03  -2.1355848274E-02  -6.2756783601E-03
   12      1.8790409127E-03   1.4353107611E-03   6.1514960456E-04  -4.4322449826E-03  -2.9549441335E-03
   13      1.1652313055E-04   6.9225948388E-04   5.3982728088E-04   2.3478174594E-03  -4.0906662997E-04
   14     -1.2479721186E-05   8.3040505869E-05  -2.4312997207E-04   3.0224819160E-04   4.1722718287E-06
   15     -5.9453109875E-03  -3.2926403631E-03   1.3264982454E-03   2.7763870533E-03   1.6906779405E-03
   16     -2.4506992566E-03  -1.9457320070E-03  -5.9053249680E-04   4.5993192014E-04   8.6174646642E-04
   17      2.5091659328E-03   2.3339426840E-03   1.2122054358E-03   2.1811675830E-03  -5.2377582708E-04
   18      4.3321432392E-05  -1.4860491416E-05   2.4666703650E-05  -1.6424246588E-04   2.9042614197E-04
   19     -2.7761731802E-05   2.3920303132E-05   4.8271867822E-05  -1.4876929478E-05  -1.5162736301E-05
   20      1.0195946121E-05   2.3531872662E-05   1.9350443048E-05  -2.0671668867E-04   9.7345904323E-05
   21     -1.6018565945E-04   1.6397761493E-04  -7.2660094767E-06  -6.5371653650E-05   6.1821901332E-05
   22      4.1358191124E-05   2.5470009074E-05   6.2201311432E-05  -1.1207540401E-05   3.8676754492E-05
   23      1.4686887677E-04  -3.2327757116E-05  -4.1193496439E-06   4.5257066071E-05   1.2024778798E-05
   24      3.4816638080E-04  -3.2386483043E-04  -1.2411090775E-05  -3.3954898745E-04   1.1956333709E-04
   25     -5.1194378405E-04   4.7061157073E-04   2.8993800117E-04   4.0041959162E-04  -2.9302516937E-04
   26     -8.2351753944E-05   1.5638445423E-04   4.6289318591E-04   1.8878289926E-04  -4.6936806207E-06
   27     -2.7194583232E-04  -5.3958272876E-05   1.9599697079E-04   3.1289402934E-04  -5.5188365577E-04
   28      1.2796741765E-04  -2.2799437932E-04  -2.2424247111E-04  -8.8423502958E-04   6.4135975254E-04
   29      3.9983451051E-05  -9.4886072468E-05   1.4117127443E-04  -1.3181679772E-04  -2.7493963763E-05
   30      4.3320194923E-02   1.9399697309E-02  -1.1139943768E-02   3.0942617863E-03   7.1541053147E-03
   31      1.9399697309E-02   7.2535372748E-02  -1.1772201107E-01   1.6098621251E-04   8.5578005382E-03
   32     -1.1139943768E-02  -1.1772201107E-01   3.2379803512E-01   2.8763123790E-03   1.0015536868E-02
   33      3.0942617863E-03   1.6098621251E-04   2.8763123790E-03   1.4713101316E-01   9.9046949880E-02
   34      7.1541053147E-03   8.5578005382E-03   1.0015536868E-02   9.9046949880E-02   9.8937604484E-02
   35     -1.4641865237E-02  -1.4959382946E-02  -1.3045943664E-02   1.2311543264E-01   1.0196785512E-01
   36     -2.5977267463E-04  -7.8780164373E-04   3.0247649409E-04   5.8544328124E-04  -1.2269698109E-03
   37      1.1923942117E-03  -2.6748548960E-04  -5.9637938327E-05   5.8776362763E-04  -1.5597996032E-04
   38     -1.0236341358E-03   8.9676126993E-04   1.7163445195E-04   4.6262771704E-04   5.9731578048E-05
   39     -1.2521068836E-04  -9.4724918861E-05   1.3760835946E-04   2.5908352679E-05   1.1791413961E-04
   40     -2.9468751377E-04  -3.8685461104E-04   1.2697480684E-04   8.8018143762E-06   2.5943735638E-04
   41     -2.0635450438E-04   2.7937504981E-05   3.3885216278E-05  -6.9520038946E-05  -4.2329723935E-05
   42     -1.2630848707E-04   2.9509606061E-05   4.8633370625E-05   1.5961100408E-05  -2.4719053765E-07
   43      4.2203832975E-05  -1.9080752712E-05   2.0306886572E-04  -1.3032169247E-03  -4.2470947795E-04
   44     -1.3636576826E-04  -8.2864444282E-05   6.6204299430E-05   6.0762318176E-04   4.2910538741E-04
                   35                 36                 37                 38                 39        
    0      3.9872627236E-04  -1.4267502190E-03  -2.2197919409E-04   5.1234281079E-04  -1.5837518958E-04
    1      5.0741228508E-04   4.7964812244E-04   4.4992176804E-04  -4.1769792943E-04   5.3536556714E-05
    2      3.5832963031E-04   6.5965928212E-05   1.4161468705E-05  -2.2135130875E-05  -7.3752989358E-05
    3     -5.7576915453E-04   9.0316688790E-04  -7.2647614807E-04   1.3461672335E-04  -6.8148396223E-04
    4      2.8895811137E-04  -1.5584279198E-03  -1.9104317331E-04   6.3001653995E-04  -5.2494181637E-04
    5     -1.0594739744E-04  -3.9505977649E-05   1.1910568150E-04   6.1941517069E-05   2.2514361581E-04
    6     -1.1771182130E-01  -2.0551384460E-02  -5.8258126580E-03   7.1284309092E-03   8.1445708555E-04
    7     -9.4895126111E-02   1.6720443473E-02   8.8631151497E-03  -6.5667186451E-03   1.2089133845E-04
    8     -1.9563882356E-01   8.6479856232E-03   5.7486102774E-04   1.9478078545E-03   7.1736267538E-04
    9      8.7373041550E-03  -1.6935901781E-01   1.2444002639E-01   4.1035612146E-02   4.8661171829E-03
   10      7.5940336972E-03   1.3525278791E-01  -1.8765317042E-01  -5.0851553331E-02  -6.9889353450E-03
   11      9.8969234882E-03   3.9699209348E-02  -4.0810434113E-02  -5.5531803708E-02  -7.8355305600E-03
   12      3.0389180766E-03   1.0376895045E-02   1.3348884177E-02   1.4789059961E-02  -1.4727652991E-01
   13      1.0594662336E-03  -1.3691271005E-02  -1.5055367692E-02  -1.2578930201E-02   1.1029246939E-01
   14      1.4405460619E-05  -3.8755326440E-03   4.7378750783E-04  -6.9077321409E-03   8.5345201152E-02
   15     -2.2022343491E-03   2.5253021580E-03   4.9465497394E-03  -1.9677431653E-02   8.5948614265E-03
   16     -1.8325406700E-03   2.9049447960E-03  -2.2265255182E-02   3.4309169186E-02  -1.1612490206E-02
   17      1.0308436780E-03  -2.4821329825E-03   3.7752771745E-03   3.2022128043E-03  -7.5492709454E-03
   18      7.3465801029E-05  -1.7779986827E-05   1.7942456009E-06   1.8248734093E-05   6.4894385214E-05
   19     -1.0911939607E-04  -2.1308249871E-05  -3.6892528782E-05   4.3087828855E-05   1.8017674784E-05
   20      3.1656651286E-05   9.0551149238E-06   3.6526942001E-06  -7.4990824138E-06   2.2364668519E-05
   21     -2.3923066226E-06   1.1226118662E-05   2.4879621713E-05  -4.6221643391E-06   8.1507063112E-05
   22     -6.7425035892E-05  -7.3090017932E-05  -2.0519801866E-05   2.7805424645E-05   3.5833873496E-05
   23     -8.5095816188E-05  -2.5108160677E-05  -4.7267054745E-06   1.2005364055E-06  -3.4340358876E-05
   24      5.5615793003E-05  -1.1873632704E-05   8.5468866168E-06  -1.1155222002E-04  -1.2087275098E-03
   25      1.1665885469E-04   1.5020798272E-04   4.8013417062E-05  -3.6458401046E-05  -2.3620514794E-04
   26      2.1203309704E-04   2.9018479606E-05   2.8277313913E-05   5.9490732887E-05   3.2372825625E-04
   27      7.1661129197E-05   2.8368479507E-05  -1.7466053444E-04   1.8566088374E-04  -2.7605330323E-04
   28      4.4852789870E-05   4.0089728898E-05  -9.1166327509E-07  -5.4833374691E-05   5.0032000433E-05
   29      1.9570641820E-04   2.2347494023E-05   2.4948432372E-05  -1.8537845535E-04  -5.4270732581E-04
   30     -1.4641865237E-02  -2.5977267463E-04   1.1923942117E-03  -1.0236341358E-03  -1.2521068836E-04
   31     -1.4959382946E-02  -7.8780164373E-04  -2.6748548960E-04   8.9676126993E-04  -9.4724918861E-05
   32     -1.3045943664E-02   3.0247649409E-04  -5.9637938327E-05   1.7163445195E-04   1.3760835946E-04
   33      1.2311543264E-01   5.8544328124E-04   5.8776362763E-04   4.6262771704E-04   2.5908352679E-05
   34      1.0196785512E-01  -1.2269698109E-03  -1.5597996032E-04   5.9731578048E-05   1.1791413961E-04
   35      1.9740088664E-01  -4.3594878266E-04  -3.2097914417E-04  -6.4726538985E-05  -6.0280586738E-05
   36     -4.3594878266E-04   1.7737320613E-01  -1.3688130133E-01  -4.2359661309E-02  -4.8170955506E-04
   37     -3.2097914417E-04  -1.3688130133E-01   2.1678189601E-01   3.5545065720E-02  -6.5434714587E-04
   38     -6.4726538985E-05  -4.2359661309E-02   3.5545065720E-02   5.5275903897E-02  -8.7690883010E-04
   39     -6.0280586738E-05  -4.8170955506E-04  -6.5434714587E-04  -8.7690883010E-04   1.4584932995E-01
   40     -2.1919277332E-05  -2.1600614066E-03  -1.1414378378E-03  -2.5259049282E-03  -1.1026708287E-01
   41     -1.0149119877E-05   1.3556040776E-03   1.3880726943E-03   1.6794165599E-03  -8.4389012128E-02
   42      1.4034313131E-04   3.0468023896E-04  -8.0258242827E-05  -2.0710514045E-04  -1.0088985326E-02
   43      6.2804921044E-04   8.6610573641E-04   6.4511740679E-04   1.5132365198E-03   1.9686721741E-02
   44     -1.9009897249E-04  -9.1945713611E-04  -7.4420907072E-04   3.1966670306E-04   1.4590263148E-02
                   40                 41                 42                 43                 44        
    0     -6.6979708666E-06  -2.0239105816E-05  -1.6067929170E-05  -5.5526526512E-05   8.9307816815E-06
    1     -1.2159089562E-05   1.7018198905E-04   3.5062332410E-05   1.8077548485E-04  -3.0857139704E-05
    2      3.3822754078E-04  -2.0496562331E-04  -2.0540219331E-05   1.0806715739E-04   1.3854544929E-04
    3      7.2759846880E-04   5.3394087679E-04  -4.8239364358E-05   3.3959829238E-04   2.9185137803E-04
    4     -3.1470922740E-05   1.9823413811E-05   8.4367062059E-06  -1.1433874095E-04   1.3971677579E-04
    5     -4.9981841456E-04   3.0060923189E-04   9.1123160133E-05  -2.2470622840E-04  -8.8759360361E-05
    6      1.3174619222E-03  -2.0750700700E-04   1.9944828813E-04  -5.7402645525E-04   5.5640223089E-04
    7      1.3810854296E-03  -9.6949356145E-04  -1.5114179218E-04  -1.7131510846E-03   1.0306701626E-03
    8      1.1048385110E-03  -1.7197341714E-04  -2.5107888026E-04  -4.1333320741E-03   2.0509392852E-03
    9      1.7820172131E-02  -9.6458151302E-03  -2.7727222274E-03  -2.8619294592E-02   7.6399783327E-03
   10     -1.3685675981E-02   8.1274254390E-03   3.3251001768E-03   2.5604944160E-03  -2.2896435109E-03
   11     -1.5164093984E-02   2.1515102386E-04  -1.4553028920E-03  -2.4979530885E-05  -7.3588134934E-03
   12      1.0587285018E-01   8.2401419420E-02  -3.4537229864E-01  -2.1302597527E-02   8.6791566677E-03
   13     -1.8002037239E-01  -9.8987522020E-02  -2.1337603174E-02  -5.4737894942E-02  -2.1597352456E-03
