
$orca_hessian_file

$act_atom
  0

$act_coord
  0

$act_energy
        0.000000

$multiplicity
  1

$hessian
45
                    0                  1                  2                  3                  4        
    0      6.8646339470E-01   2.1543538976E-01   1.7998318019E-02  -3.7227483351E-01  -1.9510786745E-01
    1      2.1543538976E-01   1.8864033656E-01  -4.9938010672E-02  -1.2554284555E-01  -1.1536511807E-01
    2      1.7998318019E-02  -4.9938010672E-02   6.6473214270E-01  -2.0981669638E-03   6.7724254265E-03
    3     -3.7227483351E-01  -1.2554284555E-01  -2.0981669638E-03   5.3361047245E-01   3.3678784462E-01
    4     -1.9510786745E-01  -1.1536511807E-01   6.7724254265E-03   3.3678784462E-01   2.1765897884E-01
    5     -1.1548505428E-02   3.9597394619E-03  -1.1531864460E-01   3.5486185941E-02  -5.6288896286E-02
    6     -4.9122843131E-02  -6.0246234789E-03   1.0555420132E-03   7.1412377108E-02  -3.8562364732E-02
    7      4.6957896507E-02   1.6295031867E-02   1.9510021088E-04  -9.1465395096E-02   2.7386385532E-02
    8      9.6007639841E-03   1.9242029307E-03   6.2326091212E-05  -1.7886399568E-02   7.5850342638E-03
    9      2.7254898924E-03   1.8523037733E-03  -5.3113771623E-05  -9.4668543160E-03   2.5502197097E-03
   10      2.9383095507E-03  -2.4353471575E-03   1.6842899742E-05   2.6486323911E-03   3.7929835285E-03
   11     -1.5256909510E-03   2.8307024527E-04  -5.0886206198E-04   2.9154742245E-03  -1.9191782319E-03
   12     -2.5349487087E-04   2.0792425545E-04  -4.1970071692E-04  -1.3901806282E-04  -9.8955442959E-04
   13     -3.5860802236E-04  -7.0618999235E-04  -4.0462885278E-04   6.0996645584E-04  -1.3075258328E-04
   14      1.1468509199E-04  -2.8740615319E-05  -8.2713216784E-04  -3.4168334317E-04  -2.1794939192E-04
   15     -1.5645540943E-04  -3.4054255620E-04   1.2541767031E-03  -1.3326038115E-04   9.7346360155E-04
   16     -9.8297862197E-04   6.3396960239E-04  -4.5126934541E-04   1.6178344979E-03  -1.4793746562E-03
   17      5.7872686912E-04  -4.0371293845E-04   6.8659370008E-04  -6.7401005508E-04   7.9653561677E-04
   18     -1.2888983550E-01  -2.5216508299E-02  -1.2533013235E-01  -1.0538383698E-02  -4.6636027371E-03
   19     -2.7296755107E-02  -3.8289841840E-02  -2.6154227401E-02  -4.2270454021E-03   3.2339710380E-03
   20     -1.2903295897E-01  -2.6548814202E-02  -2.8088770768E-01   1.3067724666E-03   1.2456890334E-03
   21     -1.1450296539E-01  -4.3571536574E-02   1.0935712730E-01  -8.8597472753E-03  -1.0176521158E-02
   22     -4.6384695170E-02  -5.5578679783E-02   7.0932080259E-02  -3.5421291815E-03   2.1602934565E-03
   23      1.1265259592E-01   7.1110191275E-02  -2.7784079626E-01  -1.3531963149E-03  -1.2729973764E-03
   24     -1.4730050859E-02  -7.4325158297E-03  -2.9782710255E-02  -1.0185832204E-01  -4.0345409737E-02
   25      5.3894081536E-03   5.1259379106E-03  -9.5304100344E-03  -5.6914278711E-02  -4.7937975145E-02
   26      1.7235328237E-03   6.3363370679E-04   3.9005554011E-03  -1.1565382919E-01  -5.2239624833E-02
   27     -1.2993720614E-02  -1.2426700412E-02   2.7592859960E-02  -9.1682591137E-02  -5.7992371863E-02
   28      7.7884127641E-03   3.8381444897E-03   8.6034672587E-03  -7.6143222779E-02  -7.6485542305E-02
   29      1.1363706443E-04  -5.3281027525E-04   5.4275650699E-03   9.4619309546E-02   9.7210886365E-02
   30      2.3707046554E-03   7.1831399005E-04  -3.2605616072E-04  -4.9858753694E-03   3.7209906340E-03
   31     -3.8346228473E-03  -1.3042056570E-03  -2.6350364288E-04   8.1799959402E-03  -5.6574136942E-03
   32     -1.5742953848E-03  -6.9619172586E-04   3.0470027633E-04   3.2845156331E-03  -2.7573011461E-03
   33      2.9645602019E-03   1.7480675432E-03   7.8084802400E-04  -5.2462161556E-03   5.9364390052E-03
   34     -4.2369572202E-03  -1.4738666084E-03  -2.3076477173E-04   7.5939765896E-03  -6.8395231520E-03
   35      3.9874530639E-04   5.0718702004E-04   3.5757029631E-04  -5.7552855946E-04   2.9027533824E-04
   36     -1.4253811639E-03   4.8165584865E-04   6.6136551755E-05   8.9664650022E-04  -1.5569062057E-03
   37     -2.2184293785E-04   4.5057427004E-04   1.4889388407E-05  -7.2908887364E-04  -1.9045962277E-04
   38      5.1008841175E-04  -4.1871821153E-04  -2.2056678769E-05   1.4000232876E-04   6.2781851944E-04
   39     -1.5881714857E-04   5.3001796243E-05  -7.3430442651E-05  -6.8526462581E-04  -5.2657823081E-04
   40     -6.2517224930E-06  -1.1719348749E-05   3.3896902953E-04   7.2953656242E-04  -3.1821571800E-05
   41     -1.9666417994E-05   1.7050876133E-04  -2.0508198676E-04   5.3455104564E-04   1.9756931447E-05
   42     -1.5751857294E-05   3.5176568736E-05  -2.0679270059E-05  -4.9129496972E-05   8.0937085116E-06
   43     -5.5398471111E-05   1.8097376089E-04   1.0835150697E-04   3.4034380190E-04  -1.1463159576E-04
   44      9.0050192280E-06  -3.0846019500E-05   1.3882789955E-04   2.9318141792E-04   1.3989901702E-04
                    5                  6                  7                  8                  9        
    0     -1.1548505428E-02  -4.9122843131E-02   4.6957896507E-02   9.6007639841E-03   2.7254898924E-03
    1      3.9597394619E-03  -6.0246234789E-03   1.6295031867E-02   1.9242029307E-03   1.8523037733E-03
    2     -1.1531864460E-01   1.0555420132E-03   1.9510021088E-04   6.2326091212E-05  -5.3113771623E-05
    3      3.5486185941E-02   7.1412377108E-02  -9.1465395096E-02  -1.7886399568E-02  -9.4668543160E-03
    4     -5.6288896286E-02  -3.8562364732E-02   2.7386385532E-02   7.5850342638E-03   2.5502197097E-03
    5      6.7027076484E-01  -9.2228820248E-03   7.6170189776E-03  -1.0255168990E-02   1.4762574685E-03
    6     -9.2228820248E-03   4.2058413094E-01   2.1828806421E-01   5.4637274933E-02  -2.3442034999E-01
    7      7.6170189776E-03   2.1828806421E-01   2.3841028569E-01  -4.7544184187E-02  -6.3764545019E-02
    8     -1.0255168990E-02   5.4637274933E-02  -4.7544184187E-02   6.1934302690E-01   4.1627614863E-02
    9      1.4762574685E-03  -2.3442034999E-01  -6.3764545019E-02   4.1627614863E-02   5.7175044835E-01
   10     -9.6193620538E-04  -4.6203310696E-02  -7.8834858571E-02   4.4643987489E-03   3.0209383001E-02
   11      1.1661885850E-04   4.7178032107E-02   1.7084989042E-02  -9.8521181909E-02  -8.3122867560E-02
   12      5.0537460137E-04  -1.3631779916E-02  -1.6363680201E-02  -2.3654184324E-02  -9.7735773049E-02
   13      7.3976627480E-04  -5.0599403750E-03  -4.1084949260E-03   1.9505193987E-03  -8.8640942061E-02
   14      1.1413276570E-03   4.8383499668E-03   9.1477895719E-03   4.5097446452E-03  -1.5706678880E-02
   15     -9.4348820264E-04   8.1106734306E-03  -1.6139068964E-02   3.5653361302E-02  -5.8132348606E-02
   16      4.4532078270E-05  -4.3493961337E-03  -9.3538988131E-03   1.8806165291E-02   3.7496287095E-03
   17     -1.0131942808E-03   2.5394023076E-03   8.6943223770E-03  -1.3508827559E-02   1.2423240272E-02
   18     -2.8826784888E-02   2.2006921974E-04  -2.4172832433E-04  -9.5802727797E-05   3.6787215236E-05
   19     -8.9002172785E-03  -3.5767160264E-04   3.0577251357E-04   1.3729578728E-04  -2.0782069072E-05
   20      4.8184455283E-03   6.9531641104E-04  -6.5291587269E-04  -1.7596749292E-04   1.9074619939E-05
   21      2.8567638039E-02   1.7931261355E-04  -2.2559194942E-05   2.7071147209E-05  -2.6867110902E-05
   22      8.6929759842E-03  -1.4184661598E-04  -2.5731645924E-04   7.6039039471E-05   1.3558776372E-04
   23      4.4474276406E-03  -7.8623621311E-04   5.9358142456E-04   1.8116090537E-04   4.5668492937E-05
   24     -1.1155359505E-01  -2.5301774035E-03   6.4212617128E-03   3.7440448797E-03   4.5585976185E-04
   25     -5.2164838700E-02   6.8366404259E-03  -1.2272559078E-02  -7.2090773719E-03  -4.4119472122E-04
   26     -2.8606245348E-01  -4.8892001779E-04   1.0188971782E-04  -6.1045541348E-04  -1.0083058511E-04
   27      9.3896712228E-02  -3.3197484086E-03   7.6216725466E-03  -1.8408905824E-03  -1.0303634622E-04
   28      9.9045945607E-02   9.3352560181E-03  -1.5076775127E-02   2.7791371673E-03   7.9536611187E-05
   29     -2.6918201757E-01   1.4651889107E-03  -2.0650698935E-03   2.0341378698E-04   2.3382199825E-05
   30     -1.9191505374E-03  -4.4746614433E-02  -1.7215999308E-02   1.6398229344E-03   5.5698997723E-03
   31      2.8422445919E-03  -2.3916981510E-02  -7.2538586554E-02   1.2098815977E-01   2.9239798017E-03
   32      8.6944983906E-04   8.3276287449E-03   1.0823994867E-01  -3.0929915727E-01  -4.3530215251E-03
   33      3.8074828158E-03  -1.3318926132E-01  -9.0763858259E-02  -1.1256913745E-01  -1.3330416954E-02
   34     -4.0125046810E-03  -1.0476401413E-01  -9.8486515959E-02  -1.0150170343E-01  -2.2794748870E-03
   35     -1.0607803767E-04  -1.1769328798E-01  -9.4915299620E-02  -1.9576478229E-01   8.7300732406E-03
   36     -4.0175749468E-05  -2.0560062366E-02   1.6718012092E-02   8.6372251915E-03  -1.6942126377E-01
   37      1.1937879406E-04  -5.8274213368E-03   8.8633698871E-03   5.7213722267E-04   1.2446095339E-01
   38      6.1739978112E-05   7.1185179463E-03  -6.5582070432E-03   1.9562572186E-03   4.0984380019E-02
   39      2.2670260106E-04   8.1506421624E-04   1.2166330616E-04   7.1789575318E-04   4.8723171626E-03
   40     -4.9989834525E-04   1.3170337506E-03   1.3807732156E-03   1.1058124182E-03   1.7823596921E-02
   41      3.0093986760E-04  -2.0682968890E-04  -9.6984704137E-04  -1.7158068173E-04  -9.6478471515E-03
   42      9.1049571015E-05   1.9920943500E-04  -1.5014385143E-04  -2.5109257885E-04  -2.7738920141E-03
   43     -2.2568351852E-04  -5.7101595364E-04  -1.7126132169E-03  -4.1331263263E-03  -2.8617415905E-02
   44     -8.9157248457E-05   5.5533481989E-04   1.0300729487E-03   2.0511920555E-03   7.6456440816E-03
                   10                 11                 12                 13                 14        
    0      2.9383095507E-03  -1.5256909510E-03  -2.5349487087E-04  -3.5860802236E-04   1.1468509199E-04
    1     -2.4353471575E-03   2.8307024527E-04   2.0792425545E-04  -7.0618999235E-04  -2.8740615319E-05
    2      1.6842899742E-05  -5.0886206198E-04  -4.1970071692E-04  -4.0462885278E-04  -8.2713216784E-04
    3      2.6486323911E-03   2.9154742245E-03  -1.3901806282E-04   6.0996645584E-04  -3.4168334317E-04
    4      3.7929835285E-03  -1.9191782319E-03  -9.8955442959E-04  -1.3075258328E-04  -2.1794939192E-04
    5     -9.6193620538E-04   1.1661885850E-04   5.0537460137E-04   7.3976627480E-04   1.1413276570E-03
    6     -4.6203310696E-02   4.7178032107E-02  -1.3631779916E-02  -5.0599403750E-03   4.8383499668E-03
    7     -7.8834858571E-02   1.7084989042E-02  -1.6363680201E-02  -4.1084949260E-03   9.1477895719E-03
    8      4.4643987489E-03  -9.8521181909E-02  -2.3654184324E-02   1.9505193987E-03   4.5097446452E-03
    9      3.0209383001E-02  -8.3122867560E-02  -9.7735773049E-02  -8.8640942061E-02  -1.5706678880E-02
   10      6.8956773469E-01   1.7094451018E-03  -1.0614626554E-01  -2.6980447166E-01  -9.0979123435E-02
   11      1.7094451018E-03   3.1181173035E-01   1.8462889999E-03  -4.9696096988E-02  -1.1268062254E-02
   12     -1.0614626554E-01   1.8462889999E-03   6.8734160273E-01   2.2270819821E-02  -1.1305803106E-02
   13     -2.6980447166E-01  -4.9696096988E-02   2.2270819821E-02   5.5920230627E-01   2.1501516680E-01
   14     -9.0979123435E-02  -1.1268062254E-02  -1.1305803106E-02   2.1501516680E-01   4.0863706767E-01
   15      1.3907124133E-02  -8.5479428184E-04  -8.9359886988E-02  -6.8705937318E-03  -6.1382013722E-02
   16     -1.4110072174E-01   8.7862348931E-02   4.4813026773E-03  -3.5468055207E-02  -2.2060731708E-02
   17      1.2028314259E-01  -1.4445941353E-01  -7.6130345284E-02  -5.4987955802E-02  -2.3002496744E-01
   18      6.7394554512E-06   1.2637441768E-05   9.2012754668E-06  -1.6680046275E-04  -1.7692651708E-04
   19      1.5979417677E-04  -2.8827290587E-04  -3.7720976971E-05   3.4756843925E-06  -5.1369302432E-05
   20     -2.2713774583E-05   1.1112193293E-04   4.7844897561E-05  -3.0045835260E-05  -3.5984864860E-06
   21     -1.4324435974E-04   8.7580049010E-05   8.9076111570E-05  -7.3851470431E-05   9.9188372099E-05
   22      3.7826590488E-05   7.4801944516E-05   3.8570939662E-05   2.1441250831E-05   6.8883351129E-05
   23      7.2150539578E-05  -3.0597860010E-05  -1.3573666355E-05   3.1117458737E-05   1.3531831522E-05
   24      1.1831039357E-04   3.3151913051E-04  -2.4910513602E-04  -1.8771811632E-04   3.6371323530E-04
   25     -4.7906872665E-04   1.7723913466E-04   1.1232653281E-05   2.7644805602E-04   1.3509556914E-04
   26     -2.1870633364E-05  -4.8786038701E-04  -2.1081852297E-04  -6.4647277620E-04  -8.5000382314E-04
   27      7.1400435172E-04  -1.0062386463E-03  -1.1772027514E-03   7.0489533433E-04  -6.4265753563E-04
   28     -8.8961211668E-04   1.0069005350E-03   8.7355708137E-05   2.8720095319E-04   5.2320999488E-04
   29      1.5107574727E-04   3.3565860031E-04  -7.3097605597E-05   9.5891814841E-05   4.7785518545E-04
   30     -1.2031421122E-02   2.5155846297E-02   1.8773104843E-03   1.1519166051E-04  -9.7867882832E-06
   31     -9.0679957432E-05   5.9145783070E-03   1.4353773542E-03   6.9046644169E-04   8.2852538020E-05
   32      2.6362022619E-03  -4.3504211482E-03   6.1626166418E-04   5.4088260572E-04  -2.4456615168E-04
   33     -1.7649181396E-02  -2.1367534918E-02  -4.4338376239E-03   2.3473339580E-03   2.9890510669E-04
   34     -1.1771114815E-03  -6.2789021561E-03  -2.9561453870E-03  -4.1125163295E-04   3.9285144388E-06
   35      7.5866700218E-03   9.8911894691E-03   3.0366049024E-03   1.0594652862E-03   1.5423562424E-05
   36      1.3527343649E-01   3.9644079277E-02   1.0371292259E-02  -1.3683840705E-02  -3.8667456309E-03
   37     -1.8762074660E-01  -4.0739178799E-02   1.3354460471E-02  -1.5060999199E-02   4.7781668981E-04
   38     -5.0773117607E-02  -5.5492717733E-02   1.4794692037E-02  -1.2583895208E-02  -6.9025623734E-03
   39     -6.9891863531E-03  -7.8318103901E-03  -1.4733941984E-01   1.1034727614E-01   8.5326258879E-02
   40     -1.3683319918E-02  -1.5153699336E-02   1.0592376926E-01  -1.8005002637E-01  -1.0520497423E-01
   41      8.1272540285E-03   2.1037000315E-04   8.2378011542E-02  -9.8939381003E-02  -1.1881023557E-01
   42      3.3258346824E-03  -1.4534965639E-03  -3.4536896462E-01  -2.1354236763E-02   2.3930821411E-03
   43      2.5575989527E-03  -3.6140155575E-05  -2.1316398270E-02  -5.4741097085E-02  -6.8910752521E-03
   44     -2.2903249500E-03  -7.3575723314E-03   8.5805573121E-03  -2.1651122571E-03  -4.5863822281E-02
                   15                 16                 17                 18                 19        
    0     -1.5645540943E-04  -9.8297862197E-04   5.7872686912E-04  -1.2888983550E-01  -2.7296755107E-02
    1     -3.4054255620E-04   6.3396960239E-04  -4.0371293845E-04  -2.5216508299E-02  -3.8289841840E-02
    2      1.2541767031E-03  -4.5126934541E-04   6.8659370008E-04  -1.2533013235E-01  -2.6154227401E-02
    3     -1.3326038115E-04   1.6178344979E-03  -6.7401005508E-04  -1.0538383698E-02  -4.2270454021E-03
    4      9.7346360155E-04  -1.4793746562E-03   7.9653561677E-04  -4.6636027371E-03   3.2339710380E-03
    5     -9.4348820264E-04   4.4532078270E-05  -1.0131942808E-03  -2.8826784888E-02  -8.9002172785E-03
    6      8.1106734306E-03  -4.3493961337E-03   2.5394023076E-03   2.2006921974E-04  -3.5767160264E-04
    7     -1.6139068964E-02  -9.3538988131E-03   8.6943223770E-03  -2.4172832433E-04   3.0577251357E-04
    8      3.5653361302E-02   1.8806165291E-02  -1.3508827559E-02  -9.5802727797E-05   1.3729578728E-04
    9     -5.8132348606E-02   3.7496287095E-03   1.2423240272E-02   3.6787215236E-05  -2.0782069072E-05
   10      1.3907124133E-02  -1.4110072174E-01   1.2028314259E-01   6.7394554512E-06   1.5979417677E-04
   11     -8.5479428184E-04   8.7862348931E-02  -1.4445941353E-01   1.2637441768E-05  -2.8827290587E-04
   12     -8.9359886988E-02   4.4813026773E-03  -7.6130345284E-02   9.2012754668E-06  -3.7720976971E-05
   13     -6.8705937318E-03  -3.5468055207E-02  -5.4987955802E-02  -1.6680046275E-04   3.4756843925E-06
   14     -6.1382013722E-02  -2.2060731708E-02  -2.3002496744E-01  -1.7692651708E-04  -5.1369302432E-05
   15      1.3665754109E-01   1.2286211104E-02   7.4799989309E-02   2.5651804314E-06   7.0430236730E-05
   16      1.2286211104E-02   2.0670176913E-01  -7.7576974939E-02   5.8269186389E-05  -1.5325281025E-04
   17      7.4799989309E-02  -7.7576974939E-02   4.1291753133E-01   2.1690491641E-04   1.5929593202E-04
   18      2.5651804314E-06   5.8269186389E-05   2.1690491641E-04   1.3324653812E-01   3.0485211527E-02
   19      7.0430236730E-05  -1.5325281025E-04   1.5929593202E-04   3.0485211527E-02   2.8314897009E-02
   20     -1.0897880636E-04   5.7007812673E-05  -3.8869287608E-05   1.4024302232E-01   2.9307070974E-02
   21     -2.8872181893E-04   2.2287608262E-04  -1.5074141293E-04   9.1731790421E-03   3.8648209731E-03
   22     -2.7257029580E-04   5.3851609695E-05   1.6896177129E-05   1.2186411019E-03   3.6821858968E-03
   23     -1.5914584393E-05  -5.7589375321E-05   6.5556147237E-05   1.2628744816E-02   6.8907116302E-03
   24     -3.7784034826E-04   4.9344059935E-05  -4.5684247204E-04  -3.3570001509E-03  -5.7620332692E-03
   25     -1.9498591077E-04   1.2400127006E-04   6.8390907898E-05  -4.4423693212E-03   7.8995162869E-03
   26      7.0881031881E-04  -8.8094878942E-05   6.8240110287E-04   5.0622610387E-04   1.7326561592E-04
   27      1.9421340369E-05  -7.3028700557E-04   1.0776271434E-03   1.9436657830E-04   3.3520804765E-03
   28     -1.2287583137E-03   6.2364223629E-04  -5.2407727458E-04   2.5022498483E-03  -5.1833481202E-03
   29      9.6041514219E-04  -2.9836031844E-04  -8.8616629508E-04   6.4619867693E-04  -1.2755955710E-03
   30     -5.9475849951E-03  -2.4542556503E-03   2.5064597047E-03   4.3013934342E-05  -2.7054690663E-05
   31     -3.2945956593E-03  -1.9407016868E-03   2.3289097406E-03  -1.4330925468E-05   2.3386405637E-05
   32      1.3256890832E-03  -5.9138880417E-04   1.2149915231E-03   2.4878455671E-05   4.7889889760E-05
   33      2.7789055621E-03   4.6255888755E-04   2.1813444439E-03  -1.6453304565E-04  -1.4976827948E-05
   34      1.6925533064E-03   8.6374749692E-04  -5.2396015194E-04   2.9093251191E-04  -1.5026556489E-05
   35     -2.2009083052E-03  -1.8309301711E-03   1.0316119614E-03   7.3641415433E-05  -1.0924836161E-04
   36      2.5317685096E-03   2.8956958630E-03  -2.4838051860E-03  -1.7790573226E-05  -2.1127912184E-05
   37      4.9446357202E-03  -2.2261245862E-02   3.7822584285E-03   1.7698999628E-06  -3.6677221334E-05
   38     -1.9683937575E-02   3.4312164862E-02   3.1886816450E-03   1.8236783318E-05   4.3051042224E-05
   39      8.5935143817E-03  -1.1603620040E-02  -7.5376542131E-03   6.5017433158E-05   1.7865455665E-05
   40     -8.5844048454E-03   3.6854346518E-03   4.1080551452E-04   1.1242329440E-04   5.8951562721E-05
   41      1.0636751904E-02  -2.8647372847E-02  -2.4261836234E-02   5.5676959192E-06  -5.8649908529E-06
   42     -4.2982909447E-03  -5.6803076012E-03  -8.9137801807E-03  -2.3195029148E-05  -2.2295935632E-05
   43      3.0282261598E-03  -9.2916521693E-04  -2.5425016761E-03   6.6158368782E-05  -3.8040253031E-06
   44     -4.0125674448E-02  -9.4608810886E-03  -5.5940927828E-03   5.7169637442E-05   3.1447800017E-05
                   20                 21                 22                 23                 24        
    0     -1.2903295897E-01  -1.1450296539E-01  -4.6384695170E-02   1.1265259592E-01  -1.4730050859E-02
    1     -2.6548814202E-02  -4.3571536574E-02  -5.5578679783E-02   7.1110191275E-02  -7.4325158297E-03
    2     -2.8088770768E-01   1.0935712730E-01   7.0932080259E-02  -2.7784079626E-01  -2.9782710255E-02
    3      1.3067724666E-03  -8.8597472753E-03  -3.5421291815E-03  -1.3531963149E-03  -1.0185832204E-01
    4      1.2456890334E-03  -1.0176521158E-02   2.1602934565E-03  -1.2729973764E-03  -4.0345409737E-02
    5      4.8184455283E-03   2.8567638039E-02   8.6929759842E-03   4.4474276406E-03  -1.1155359505E-01
    6      6.9531641104E-04   1.7931261355E-04  -1.4184661598E-04  -7.8623621311E-04  -2.5301774035E-03
    7     -6.5291587269E-04  -2.2559194942E-05  -2.5731645924E-04   5.9358142456E-04   6.4212617128E-03
    8     -1.7596749292E-04   2.7071147209E-05   7.6039039471E-05   1.8116090537E-04   3.7440448797E-03
    9      1.9074619939E-05  -2.6867110902E-05   1.3558776372E-04   4.5668492937E-05   4.5585976185E-04
   10     -2.2713774583E-05  -1.4324435974E-04   3.7826590488E-05   7.2150539578E-05   1.1831039357E-04
   11      1.1112193293E-04   8.7580049010E-05   7.4801944516E-05  -3.0597860010E-05   3.3151913051E-04
   12      4.7844897561E-05   8.9076111570E-05   3.8570939662E-05  -1.3573666355E-05  -2.4910513602E-04
   13     -3.0045835260E-05  -7.3851470431E-05   2.1441250831E-05   3.1117458737E-05  -1.8771811632E-04
   14     -3.5984864860E-06   9.9188372099E-05   6.8883351129E-05   1.3531831522E-05   3.6371323530E-04
   15     -1.0897880636E-04  -2.8872181893E-04  -2.7257029580E-04  -1.5914584393E-05  -3.7784034826E-04
   16      5.7007812673E-05   2.2287608262E-04   5.3851609695E-05  -5.7589375321E-05   4.9344059935E-05
   17     -3.8869287608E-05  -1.5074141293E-04   1.6896177129E-05   6.5556147237E-05  -4.5684247204E-04
   18      1.4024302232E-01   9.1731790421E-03   1.2186411019E-03   1.2628744816E-02  -3.3570001509E-03
   19      2.9307070974E-02   3.8648209731E-03   3.6821858968E-03   6.8907116302E-03  -5.7620332692E-03
   20      2.8816481222E-01  -1.3525034625E-02  -3.6958556860E-03  -1.4347761455E-02   3.4109750073E-04
   21     -1.3525034625E-02   1.1735498132E-01   5.1125850392E-02  -1.2286896270E-01   1.7020290334E-04
   22     -3.6958556860E-03   5.1125850392E-02   4.7458391022E-02  -7.7285321055E-02   3.3791672444E-03
   23     -1.4347761455E-02  -1.2286896270E-01  -7.7285321055E-02   2.8494651338E-01   5.8589710136E-04
   24      3.4109750073E-04   1.7020290334E-04   3.3791672444E-03   5.8589710136E-04   1.1706175706E-01
   25      9.2477851049E-04   2.6514516343E-03  -5.4283723270E-03  -5.5703075865E-04   4.0429185247E-02
   26      1.4420257028E-03  -1.7450812668E-04  -1.1071002297E-04   1.1478683410E-03   1.2537115184E-01
   27      1.8396551017E-04  -3.1322499700E-03  -5.5223805329E-03  -1.0245801229E-03   6.6007829782E-03
   28     -7.5193708814E-04  -4.1751329337E-03   7.7956799657E-03   5.4456464089E-04   4.0228697249E-03
   29      8.5286240744E-04  -1.4892387716E-03   1.2004720227E-03   1.5171784149E-03   1.0624763694E-02
   30      1.0230633196E-05  -1.6003347593E-04   4.1269035295E-05   1.4724453546E-04   3.4843847480E-04
   31      2.3288020769E-05   1.6417458925E-04   2.5904977886E-05  -3.2464254409E-05  -3.2492290831E-04
   32      1.9221807312E-05  -7.4632175065E-06   6.2443493079E-05  -3.9593013672E-06  -1.3572775056E-05
   33     -2.0643824507E-04  -6.5851701234E-05  -1.0973499814E-05   4.5230054581E-05  -3.3996928874E-04
   34      9.7215753020E-05   6.2208734188E-05   3.8935314786E-05   1.2114574867E-05   1.2067532086E-04
   35      3.2007381771E-05  -2.5705431988E-06  -6.7262641995E-05  -8.4878629364E-05   5.5336597102E-05
   36      9.0557242684E-06   1.1045652006E-05  -7.2868287715E-05  -2.4995391665E-05  -1.1524739872E-05
   37      3.7074281148E-06   2.4897253524E-05  -2.0321565397E-05  -4.7207783254E-06   8.1604875258E-06
   38     -7.4895831445E-06  -4.5140300954E-06   2.7550608736E-05   1.1299811861E-06  -1.1162920281E-04
   39      2.2437182209E-05   8.1671680020E-05   3.6208405872E-05  -3.4292354024E-05  -1.2143704836E-03
   40      1.5764081455E-05   6.0057950448E-06   1.6109735953E-05  -2.9339553337E-05  -4.3508593163E-04
   41      2.6133637641E-05   7.7737042486E-05   8.5387811678E-06  -4.2177187588E-06   7.2218661441E-04
   42     -8.9883911531E-06  -2.3032574489E-05  -2.2312931029E-05   1.1499073053E-05   3.1319264061E-05
   43      2.2527984488E-05   3.5041867804E-05  -5.9296859672E-06  -1.6359623207E-05  -5.9154504798E-05
   44     -5.2366352290E-06   1.1562819173E-05  -1.4102420835E-07  -8.1554105332E-06  -2.0888849917E-04
                   25                 26                 27                 28                 29        
    0      5.3894081536E-03   1.7235328237E-03  -1.2993720614E-02   7.7884127641E-03   1.1363706443E-04
    1      5.1259379106E-03   6.3363370679E-04  -1.2426700412E-02   3.8381444897E-03  -5.3281027525E-04
    2     -9.5304100344E-03   3.9005554011E-03   2.7592859960E-02   8.6034672587E-03   5.4275650699E-03
    3     -5.6914278711E-02  -1.1565382919E-01  -9.1682591137E-02  -7.6143222779E-02   9.4619309546E-02
    4     -4.7937975145E-02  -5.2239624833E-02  -5.7992371863E-02  -7.6485542305E-02   9.7210886365E-02
    5     -5.2164838700E-02  -2.8606245348E-01   9.3896712228E-02   9.9045945607E-02  -2.6918201757E-01
    6      6.8366404259E-03  -4.8892001779E-04  -3.3197484086E-03   9.3352560181E-03   1.4651889107E-03
    7     -1.2272559078E-02   1.0188971782E-04   7.6216725466E-03  -1.5076775127E-02  -2.0650698935E-03
    8     -7.2090773719E-03  -6.1045541348E-04  -1.8408905824E-03   2.7791371673E-03   2.0341378698E-04
    9     -4.4119472122E-04  -1.0083058511E-04  -1.0303634622E-04   7.9536611187E-05   2.3382199825E-05
   10     -4.7906872665E-04  -2.1870633364E-05   7.1400435172E-04  -8.8961211668E-04   1.5107574727E-04
   11      1.7723913466E-04  -4.8786038701E-04  -1.0062386463E-03   1.0069005350E-03   3.3565860031E-04
   12      1.1232653281E-05  -2.1081852297E-04  -1.1772027514E-03   8.7355708137E-05  -7.3097605597E-05
   13      2.7644805602E-04  -6.4647277620E-04   7.0489533433E-04   2.8720095319E-04   9.5891814841E-05
   14      1.3509556914E-04  -8.5000382314E-04  -6.4265753563E-04   5.2320999488E-04   4.7785518545E-04
   15     -1.9498591077E-04   7.0881031881E-04   1.9421340369E-05  -1.2287583137E-03   9.6041514219E-04
   16      1.2400127006E-04  -8.8094878942E-05  -7.3028700557E-04   6.2364223629E-04  -2.9836031844E-04
   17      6.8390907898E-05   6.8240110287E-04   1.0776271434E-03  -5.2407727458E-04  -8.8616629508E-04
   18     -4.4423693212E-03   5.0622610387E-04   1.9436657830E-04   2.5022498483E-03   6.4619867693E-04
   19      7.8995162869E-03   1.7326561592E-04   3.3520804765E-03  -5.1833481202E-03  -1.2755955710E-03
   20      9.2477851049E-04   1.4420257028E-03   1.8396551017E-04  -7.5193708814E-04   8.5286240744E-04
   21      2.6514516343E-03  -1.7450812668E-04  -3.1322499700E-03  -4.1751329337E-03  -1.4892387716E-03
   22     -5.4283723270E-03  -1.1071002297E-04  -5.5223805329E-03   7.7956799657E-03   1.2004720227E-03
   23     -5.5703075865E-04   1.1478683410E-03  -1.0245801229E-03   5.4456464089E-04   1.5171784149E-03
   24      4.0429185247E-02   1.2537115184E-01   6.6007829782E-03   4.0228697249E-03   1.0624763694E-02
   25      4.8303598967E-02   5.8223727107E-02   6.9389664976E-03   3.7426938674E-03   9.4668058689E-03
   26      5.8223727107E-02   2.9318595007E-01  -1.2032879011E-02  -6.9181639298E-03  -1.3516480452E-02
   27      6.9389664976E-03  -1.2032879011E-02   1.0561283679E-01   5.8480842805E-02  -1.0626057238E-01
   28      3.7426938674E-03  -6.9181639298E-03   5.8480842805E-02   8.0815500773E-02  -1.0370742907E-01
   29      9.4668058689E-03  -1.3516480452E-02  -1.0626057238E-01  -1.0370742907E-01   2.7531215449E-01
   30     -5.1310343022E-04  -8.1891432010E-05  -2.7290724059E-04   1.2922652969E-04   4.0579242103E-05
   31      4.6998033152E-04   1.5587574995E-04  -5.2745313414E-05  -2.2998776501E-04  -9.5612240568E-05
   32      2.9056665595E-04   4.6102821923E-04   1.9640489523E-04  -2.2503275337E-04   1.4098491364E-04
   33      4.0385148552E-04   1.8968493327E-04   3.1276945713E-04  -8.8302222467E-04  -1.3166107848E-04
   34     -2.9747581455E-04  -4.9563414795E-06  -5.5153650540E-04   6.3953829988E-04  -2.7791126504E-05
   35      1.1630692334E-04   2.1153345383E-04   7.1508159577E-05   4.4620060052E-05   1.9550829828E-04
   36      1.4932800075E-04   2.9559513589E-05   2.8558386238E-05   3.9688202750E-05   2.2146913769E-05
   37      4.7696696503E-05   2.8607852383E-05  -1.7456893255E-04  -8.8595738424E-07   2.4801502096E-05
   38     -3.5838918933E-05   5.9700894717E-05   1.8544955611E-04  -5.4483336699E-05  -1.8519190451E-04
   39     -2.3765327433E-04   3.2353955880E-04  -2.7584952009E-04   5.0181295683E-05  -5.4302993195E-04
   40      4.4013995625E-04   4.5120367542E-04  -1.6813082778E-04   1.4742591065E-04  -4.5804205934E-05
   41      5.2835016697E-05   1.6006650198E-04  -4.5938935687E-04  -2.6390254547E-04  -4.3494259310E-04
   42     -6.8612623307E-05  -1.2130054482E-04   1.8857046265E-04  -1.0853154764E-04   6.8772474808E-06
   43     -1.4562250990E-05   2.5884970526E-04  -1.7069232918E-04  -2.3675104866E-05  -1.1469075736E-04
   44      4.4290375374E-05   2.7612386864E-04   3.7781303710E-05  -8.9589124726E-05  -2.5838235184E-04
                   30                 31                 32                 33                 34        
    0      2.3707046554E-03  -3.8346228473E-03  -1.5742953848E-03   2.9645602019E-03  -4.2369572202E-03
    1      7.1831399005E-04  -1.3042056570E-03  -6.9619172586E-04   1.7480675432E-03  -1.4738666084E-03
    2     -3.2605616072E-04  -2.6350364288E-04   3.0470027633E-04   7.8084802400E-04  -2.3076477173E-04
    3     -4.9858753694E-03   8.1799959402E-03   3.2845156331E-03  -5.2462161556E-03   7.5939765896E-03
    4      3.7209906340E-03  -5.6574136942E-03  -2.7573011461E-03   5.9364390052E-03  -6.8395231520E-03
    5     -1.9191505374E-03   2.8422445919E-03   8.6944983906E-04   3.8074828158E-03  -4.0125046810E-03
    6     -4.4746614433E-02  -2.3916981510E-02   8.3276287449E-03  -1.3318926132E-01  -1.0476401413E-01
    7     -1.7215999308E-02  -7.2538586554E-02   1.0823994867E-01  -9.0763858259E-02  -9.8486515959E-02
    8      1.6398229344E-03   1.2098815977E-01  -3.0929915727E-01  -1.1256913745E-01  -1.0150170343E-01
    9      5.5698997723E-03   2.9239798017E-03  -4.3530215251E-03  -1.3330416954E-02  -2.2794748870E-03
   10     -1.2031421122E-02  -9.0679957432E-05   2.6362022619E-03  -1.7649181396E-02  -1.1771114815E-03
   11      2.5155846297E-02   5.9145783070E-03  -4.3504211482E-03  -2.1367534918E-02  -6.2789021561E-03
   12      1.8773104843E-03   1.4353773542E-03   6.1626166418E-04  -4.4338376239E-03  -2.9561453870E-03
   13      1.1519166051E-04   6.9046644169E-04   5.4088260572E-04   2.3473339580E-03  -4.1125163295E-04
   14     -9.7867882832E-06   8.2852538020E-05  -2.4456615168E-04   2.9890510669E-04   3.9285144388E-06
   15     -5.9475849951E-03  -3.2945956593E-03   1.3256890832E-03   2.7789055621E-03   1.6925533064E-03
   16     -2.4542556503E-03  -1.9407016868E-03  -5.9138880417E-04   4.6255888755E-04   8.6374749692E-04
   17      2.5064597047E-03   2.3289097406E-03   1.2149915231E-03   2.1813444439E-03  -5.2396015194E-04
   18      4.3013934342E-05  -1.4330925468E-05   2.4878455671E-05  -1.6453304565E-04   2.9093251191E-04
   19     -2.7054690663E-05   2.3386405637E-05   4.7889889760E-05  -1.4976827948E-05  -1.5026556489E-05
   20      1.0230633196E-05   2.3288020769E-05   1.9221807312E-05  -2.0643824507E-04   9.7215753020E-05
   21     -1.6003347593E-04   1.6417458925E-04  -7.4632175065E-06  -6.5851701234E-05   6.2208734188E-05
   22      4.1269035295E-05   2.5904977886E-05   6.2443493079E-05  -1.0973499814E-05   3.8935314786E-05
   23      1.4724453546E-04  -3.2464254409E-05  -3.9593013672E-06   4.5230054581E-05   1.2114574867E-05
   24      3.4843847480E-04  -3.2492290831E-04  -1.3572775056E-05  -3.3996928874E-04   1.2067532086E-04
   25     -5.1310343022E-04   4.6998033152E-04   2.9056665595E-04   4.0385148552E-04  -2.9747581455E-04
   26     -8.1891432010E-05   1.5587574995E-04   4.6102821923E-04   1.8968493327E-04  -4.9563414795E-06
   27     -2.7290724059E-04  -5.2745313414E-05   1.9640489523E-04   3.1276945713E-04  -5.5153650540E-04
   28      1.2922652969E-04  -2.2998776501E-04  -2.2503275337E-04  -8.8302222467E-04   6.3953829988E-04
   29      4.0579242103E-05  -9.5612240568E-05   1.4098491364E-04  -1.3166107848E-04  -2.7791126504E-05
   30      4.3316697127E-02   1.9424140784E-02  -1.1177710477E-02   3.0957637027E-03   7.1557494071E-03
   31      1.9424140784E-02   7.2661756455E-02  -1.1783875414E-01   1.6093575964E-04   8.5617032477E-03
   32     -1.1177710477E-02  -1.1783875414E-01   3.2366818713E-01   2.8772575334E-03   1.0029826072E-02
   33      3.0957637027E-03   1.6093575964E-04   2.8772575334E-03   1.4699179084E-01   9.8975433536E-02
   34      7.1557494071E-03   8.5617032477E-03   1.0029826072E-02   9.8975433536E-02   9.8918123535E-02
   35     -1.4632580149E-02  -1.4955158637E-02  -1.3053476157E-02   1.2309377316E-01   1.0199009922E-01
   36     -2.5735504198E-04  -7.8845242351E-04   3.0185531003E-04   5.8510042658E-04  -1.2265698879E-03
   37      1.1923823251E-03  -2.6637146077E-04  -5.9619886026E-05   5.8801532139E-04  -1.5642686509E-04
   38     -1.0238688440E-03   8.9549337332E-04   1.7232538733E-04   4.6309114637E-04   5.9125822808E-05
   39     -1.2515763973E-04  -9.4764687359E-05   1.3723157347E-04   2.5785960355E-05   1.1853017198E-04
   40     -2.9439396339E-04  -3.8629358200E-04   1.2649373420E-04   8.3039703916E-06   2.6022608746E-04
   41     -2.0657652539E-04   2.8102383841E-05   3.4356738735E-05  -6.9357483166E-05  -4.2073754285E-05
   42     -1.2629995503E-04   2.9340578444E-05   4.8103538004E-05   1.5409935270E-05   3.5467746117E-08
   43      4.2435264241E-05  -1.8957502754E-05   2.0257508365E-04  -1.3043242861E-03  -4.2507591169E-04
   44     -1.3632548536E-04  -8.2551573292E-05   6.6334193291E-05   6.0782046887E-04   4.2952817816E-04
                   35                 36                 37                 38                 39        
    0      3.9874530639E-04  -1.4253811639E-03  -2.2184293785E-04   5.1008841175E-04  -1.5881714857E-04
    1      5.0718702004E-04   4.8165584865E-04   4.5057427004E-04  -4.1871821153E-04   5.3001796243E-05
    2      3.5757029631E-04   6.6136551755E-05   1.4889388407E-05  -2.2056678769E-05  -7.3430442651E-05
    3     -5.7552855946E-04   8.9664650022E-04  -7.2908887364E-04   1.4000232876E-04  -6.8526462581E-04
    4      2.9027533824E-04  -1.5569062057E-03  -1.9045962277E-04   6.2781851944E-04  -5.2657823081E-04
    5     -1.0607803767E-04  -4.0175749468E-05   1.1937879406E-04   6.1739978112E-05   2.2670260106E-04
    6     -1.1769328798E-01  -2.0560062366E-02  -5.8274213368E-03   7.1185179463E-03   8.1506421624E-04
    7     -9.4915299620E-02   1.6718012092E-02   8.8633698871E-03  -6.5582070432E-03   1.2166330616E-04
    8     -1.9576478229E-01   8.6372251915E-03   5.7213722267E-04   1.9562572186E-03   7.1789575318E-04
    9      8.7300732406E-03  -1.6942126377E-01   1.2446095339E-01   4.0984380019E-02   4.8723171626E-03
   10      7.5866700218E-03   1.3527343649E-01  -1.8762074660E-01  -5.0773117607E-02  -6.9891863531E-03
   11      9.8911894691E-03   3.9644079277E-02  -4.0739178799E-02  -5.5492717733E-02  -7.8318103901E-03
   12      3.0366049024E-03   1.0371292259E-02   1.3354460471E-02   1.4794692037E-02  -1.4733941984E-01
   13      1.0594652862E-03  -1.3683840705E-02  -1.5060999199E-02  -1.2583895208E-02   1.1034727614E-01
   14      1.5423562424E-05  -3.8667456309E-03   4.7781668981E-04  -6.9025623734E-03   8.5326258879E-02
   15     -2.2009083052E-03   2.5317685096E-03   4.9446357202E-03  -1.9683937575E-02   8.5935143817E-03
   16     -1.8309301711E-03   2.8956958630E-03  -2.2261245862E-02   3.4312164862E-02  -1.1603620040E-02
   17      1.0316119614E-03  -2.4838051860E-03   3.7822584285E-03   3.1886816450E-03  -7.5376542131E-03
   18      7.3641415433E-05  -1.7790573226E-05   1.7698999628E-06   1.8236783318E-05   6.5017433158E-05
   19     -1.0924836161E-04  -2.1127912184E-05  -3.6677221334E-05   4.3051042224E-05   1.7865455665E-05
   20      3.2007381771E-05   9.0557242684E-06   3.7074281148E-06  -7.4895831445E-06   2.2437182209E-05
   21     -2.5705431988E-06   1.1045652006E-05   2.4897253524E-05  -4.5140300954E-06   8.1671680020E-05
   22     -6.7262641995E-05  -7.2868287715E-05  -2.0321565397E-05   2.7550608736E-05   3.6208405872E-05
   23     -8.4878629364E-05  -2.4995391665E-05  -4.7207783254E-06   1.1299811861E-06  -3.4292354024E-05
   24      5.5336597102E-05  -1.1524739872E-05   8.1604875258E-06  -1.1162920281E-04  -1.2143704836E-03
   25      1.1630692334E-04   1.4932800075E-04   4.7696696503E-05  -3.5838918933E-05  -2.3765327433E-04
   26      2.1153345383E-04   2.9559513589E-05   2.8607852383E-05   5.9700894717E-05   3.2353955880E-04
   27      7.1508159577E-05   2.8558386238E-05  -1.7456893255E-04   1.8544955611E-04  -2.7584952009E-04
   28      4.4620060052E-05   3.9688202750E-05  -8.8595738424E-07  -5.4483336699E-05   5.0181295683E-05
   29      1.9550829828E-04   2.2146913769E-05   2.4801502096E-05  -1.8519190451E-04  -5.4302993195E-04
   30     -1.4632580149E-02  -2.5735504198E-04   1.1923823251E-03  -1.0238688440E-03  -1.2515763973E-04
   31     -1.4955158637E-02  -7.8845242351E-04  -2.6637146077E-04   8.9549337332E-04  -9.4764687359E-05
   32     -1.3053476157E-02   3.0185531003E-04  -5.9619886026E-05   1.7232538733E-04   1.3723157347E-04
   33      1.2309377316E-01   5.8510042658E-04   5.8801532139E-04   4.6309114637E-04   2.5785960355E-05
   34      1.0199009922E-01  -1.2265698879E-03  -1.5642686509E-04   5.9125822808E-05   1.1853017198E-04
   35      1.9753941851E-01  -4.3600143796E-04  -3.2096796236E-04  -6.5061910397E-05  -6.0198215778E-05
   36     -4.3600143796E-04   1.7744491516E-01  -1.3690085789E-01  -4.2300155664E-02  -4.8127626493E-04
   37     -3.2096796236E-04  -1.3690085789E-01   2.1674986753E-01   3.5464490591E-02  -6.5538659770E-04
   38     -6.5061910397E-05  -4.2300155664E-02   3.5464490591E-02   5.5236206590E-02  -8.7712031393E-04
   39     -6.0198215778E-05  -4.8127626493E-04  -6.5538659770E-04  -8.7712031393E-04   1.4592294473E-01
   40     -2.1864790694E-05  -2.1583349858E-03  -1.1423174845E-03  -2.5262657121E-03  -1.1032706629E-01
   41     -1.0225743716E-05   1.3550484304E-03   1.3880564235E-03   1.6798238874E-03  -8.4378542172E-02
   42      1.4008389998E-04   3.0532702083E-04  -8.0236594922E-05  -2.0715114422E-04  -1.0096160039E-02
   43      6.2692659109E-04   8.6527010914E-04   6.4494346176E-04   1.5131354628E-03   1.9687283103E-02
   44     -1.8976017219E-04  -9.1930930621E-04  -7.4396113965E-04   3.1921460063E-04   1.4581585519E-02
                   40                 41                 42                 43                 44        
    0     -6.2517224930E-06  -1.9666417994E-05  -1.5751857294E-05  -5.5398471111E-05   9.0050192280E-06
    1     -1.1719348749E-05   1.7050876133E-04   3.5176568736E-05   1.8097376089E-04  -3.0846019500E-05
    2      3.3896902953E-04  -2.0508198676E-04  -2.0679270059E-05   1.0835150697E-04   1.3882789955E-04
    3      7.2953656242E-04   5.3455104564E-04  -4.9129496972E-05   3.4034380190E-04   2.9318141792E-04
    4     -3.1821571800E-05   1.9756931447E-05   8.0937085116E-06  -1.1463159576E-04   1.3989901702E-04
    5     -4.9989834525E-04   3.0093986760E-04   9.1049571015E-05  -2.2568351852E-04  -8.9157248457E-05
    6      1.3170337506E-03  -2.0682968890E-04   1.9920943500E-04  -5.7101595364E-04   5.5533481989E-04
    7      1.3807732156E-03  -9.6984704137E-04  -1.5014385143E-04  -1.7126132169E-03   1.0300729487E-03
    8      1.1058124182E-03  -1.7158068173E-04  -2.5109257885E-04  -4.1331263263E-03   2.0511920555E-03
    9      1.7823596921E-02  -9.6478471515E-03  -2.7738920141E-03  -2.8617415905E-02   7.6456440816E-03
   10     -1.3683319918E-02   8.1272540285E-03   3.3258346824E-03   2.5575989527E-03  -2.2903249500E-03
   11     -1.5153699336E-02   2.1037000315E-04  -1.4534965639E-03  -3.6140155575E-05  -7.3575723314E-03
   12      1.0592376926E-01   8.2378011542E-02  -3.4536896462E-01  -2.1316398270E-02   8.5805573121E-03
   13     -1.8005002637E-01  -9.8939381003E-02  -2.1354236763E-02  -5.4741097085E-02  -2.1651122571E-03
